//ID	//Name1	Name2	Opt_1stIndex_1	Opt_2ndIndex_1	Opt_1stIndex_2	Opt_2ndIndex_2	Opt_1stIndex_3	Opt_2ndIndex_3	Opt_1stIndex_4	Opt_2ndIndex_4	Opt_1stIndex_5	Opt_2ndIndex_5	Opt_1stIndex_6	Opt_2ndIndex_6	Opt_1stValue_1	Opt_2ndValue_1	Opt_1stValue_2	Opt_2ndValue_2	Opt_1stValue_3	Opt_2ndValue_3	Opt_1stValue_4	Opt_2ndValue_4	Opt_1stValue_5	Opt_2ndValue_5	Opt_1stValue_6	Opt_2ndValue_6	Opt_1stExIndex	Opt_2ndExIndex	Opt_1stExValue	Opt_2ndExValue	Flag	Full_Index_1	Full_Index_2	Full_Index_3	Full_Index_4	Full_Index_5	Full_Index_6	Full_Value_1	Full_Value_2	Full_Value_3	Full_Value_4	Full_Value_5	Full_Value_6	DW	DK	FE	MG	DL	SU	RF	GL
0		.	-1	-1	-1	-1	-1	-1	-1	-1	-1	-1	-1	-1	-1	-1	-1	-1	-1	-1	-1	-1	-1	-1	-1	-1	-1	-1	-1	-1	-1	-1	-1	-1	-1	-1	-1	-1	-1	-1	-1	-1	-1	-1	-1	-1	-1	-1	-1	-1	-1	
1	Warrior's	Warrior	0	-1	19	-1	13	-1	14	-1	10	-1	1	-1	10	-1	10	-1	20	-1	5	-1	20	-1	10	-1	-1	-1	-1	-1	8	15	17	0	-1	-1	-1	5	5	25	-1	-1	-1	0	0	0	0	0	0	0	0	
2	Anonymous's	Anonymous	11	-1	1	-1	22	-1	-1	-1	-1	-1	-1	-1	50	-1	50	-1	25	-1	-1	-1	-1	-1	-1	-1	-1	-1	-1	-1	8	8	-1	-1	-1	-1	-1	30	-1	-1	-1	-1	-1	0	0	0	0	0	0	0	0	
3	Hyperion's	Hyperion	2	-1	1	-1	-1	-1	-1	-1	-1	-1	-1	-1	15	-1	15	-1	-1	-1	-1	-1	-1	-1	-1	-1	-1	-1	-1	-1	8	19	12	-1	-1	-1	-1	20	30	-1	-1	-1	-1	0	0	0	0	0	0	0	0	
4	Mist's	Mist	3	-1	19	-1	-1	-1	-1	-1	-1	-1	-1	-1	20	-1	30	-1	-1	-1	-1	-1	-1	-1	-1	-1	-1	-1	-1	-1	8	20	1	-1	-1	-1	-1	10	20	-1	-1	-1	-1	0	0	0	0	0	0	0	0	
5	Eplete's	Eplete	19	-1	9	-1	7	-1	11	-1	-1	-1	-1	-1	15	-1	50	-1	5	-1	50	-1	-1	-1	-1	-1	-1	-1	-1	-1	8	13	15	17	-1	-1	-1	30	10	10	-1	-1	-1	0	0	0	0	0	0	0	0	
6	Berserker's	Berserker	6	-1	6	-1	6	-1	6	-1	-1	-1	-1	-1	10	-1	20	-1	30	-1	40	-1	-1	-1	-1	-1	-1	-1	-1	-1	8	19	0	-1	-1	-1	-1	40	40	-1	-1	-1	-1	0	0	0	0	0	0	0	0	
7	Garuda's	Garuda	13	-1	20	-1	2	-1	11	-1	-1	-1	-1	-1	30	-1	5	-1	15	-1	50	-1	-1	-1	-1	-1	-1	-1	-1	-1	8	19	7	-1	-1	-1	-1	25	15	-1	-1	-1	-1	0	0	0	0	0	0	0	0	
8	Cloud's	Cloud	15	-1	-1	-1	-1	-1	-1	-1	-1	-1	-1	-1	20	-1	-1	-1	-1	-1	-1	-1	-1	-1	-1	-1	-1	-1	-1	-1	8	16	-1	-1	-1	-1	-1	50	-1	-1	-1	-1	-1	0	0	0	0	0	0	0	0	
9	Kantata's	Kantata	2	-1	3	-1	7	-1	0	-1	-1	-1	-1	-1	15	-1	30	-1	10	-1	15	-1	-1	-1	-1	-1	-1	-1	-1	-1	8	19	17	18	-1	-1	-1	25	10	20	-1	-1	-1	0	0	0	0	0	0	0	0	
10	Rave's	Rave	19	-1	20	-1	-1	-1	-1	-1	-1	-1	-1	-1	20	-1	10	-1	-1	-1	-1	-1	-1	-1	-1	-1	-1	-1	-1	-1	8	23	21	-1	-1	-1	-1	30	5	-1	-1	-1	-1	0	0	0	0	0	0	0	0	
11	Hyon's	Hyon	10	-1	20	-1	19	-1	-1	-1	-1	-1	-1	-1	25	-1	10	-1	20	-1	-1	-1	-1	-1	-1	-1	-1	-1	-1	-1	8	15	17	16	18	-1	-1	15	15	20	20	-1	-1	0	0	0	0	0	0	0	0	
12	Vicious's	Vicious	19	-1	8	-1	20	-1	-1	-1	-1	-1	-1	-1	15	-1	15	-1	10	-1	-1	-1	-1	-1	-1	-1	-1	-1	-1	-1	8	5	6	21	-1	-1	-1	20	30	5	-1	-1	-1	0	0	0	0	0	0	0	0	
13	Apollo's	Apollo	2	-1	7	-1	19	-1	12	-1	11	-1	13	-1	10	-1	5	-1	10	-1	30	-1	30	-1	20	-1	-1	-1	-1	-1	8	15	17	2	-1	-1	-1	10	10	30	-1	-1	-1	0	0	0	0	0	0	0	0	
14	Barnake's	Barnake	7	-1	2	-1	-1	-1	-1	-1	-1	-1	-1	-1	10	-1	20	-1	-1	-1	-1	-1	-1	-1	-1	-1	-1	-1	-1	-1	8	19	12	-1	-1	-1	-1	30	100	-1	-1	-1	-1	0	0	0	0	0	0	0	0	
15	Evis's	Evis	19	-1	3	-1	7	-1	-1	-1	-1	-1	-1	-1	15	-1	20	-1	10	-1	-1	-1	-1	-1	-1	-1	-1	-1	-1	-1	8	20	9	14	-1	-1	-1	5	50	5	-1	-1	-1	0	0	0	0	0	0	0	0	
16	Sylion's	Sylion	20	-1	15	-1	10	-1	-1	-1	-1	-1	-1	-1	5	-1	5	-1	20	-1	-1	-1	-1	-1	-1	-1	-1	-1	-1	-1	8	0	1	3	2	-1	-1	50	50	50	50	-1	-1	0	0	0	0	0	0	0	0	
17	Heras's	Heras	0	-1	7	-1	22	-1	2	-1	9	-1	-1	-1	15	-1	10	-1	5	-1	15	-1	50	-1	-1	-1	-1	-1	-1	-1	8	15	17	11	12	-1	-1	10	10	50	50	-1	-1	0	0	0	0	0	0	0	0	
18	Minet's	Minet	2	-1	10	-1	-1	-1	-1	-1	-1	-1	-1	-1	30	-1	30	-1	-1	-1	-1	-1	-1	-1	-1	-1	-1	-1	-1	-1	8	12	19	-1	-1	-1	-1	100	15	-1	-1	-1	-1	0	0	0	0	0	0	0	0	
19	Anubis's	Anubis	20	-1	12	-1	7	-1	-1	-1	-1	-1	-1	-1	10	-1	50	-1	10	-1	-1	-1	-1	-1	-1	-1	-1	-1	-1	-1	8	15	17	16	18	-1	-1	15	15	20	20	-1	-1	0	0	0	0	0	0	0	0	
20	Enis	Enis	19	-1	20	-1	2	-1	-1	-1	-1	-1	-1	-1	10	-1	10	-1	30	-1	-1	-1	-1	-1	-1	-1	-1	-1	-1	-1	8	7	21	-1	-1	-1	-1	10	5	-1	-1	-1	-1	0	0	0	0	0	0	0	0	
21	Ceto's	Ceto	1	-1	11	-1	10	-1	22	-1	2	-1	-1	-1	10	-1	50	-1	20	-1	5	-1	10	-1	-1	-1	-1	-1	-1	-1	8	11	0	-1	-1	-1	-1	50	20	-1	-1	-1	-1	0	0	0	0	0	0	0	0	
22	Drake's	Drake	1	-1	8	-1	20	-1	-1	-1	-1	-1	-1	-1	20	-1	25	-1	20	-1	-1	-1	-1	-1	-1	-1	-1	-1	-1	-1	8	10	15	-1	-1	-1	-1	40	10	-1	-1	-1	-1	0	0	0	0	0	0	0	0	
23	Gaia's	Gaia	19	-1	12	-1	0	-1	20	-1	-1	-1	-1	-1	10	-1	25	-1	10	-1	5	-1	-1	-1	-1	-1	-1	-1	-1	-1	8	1	17	18	-1	-1	-1	30	10	10	-1	-1	-1	0	0	0	0	0	0	0	0	
24	Fase's	Fase	11	-1	12	-1	-1	-1	-1	-1	-1	-1	-1	-1	100	-1	100	-1	-1	-1	-1	-1	-1	-1	-1	-1	-1	-1	-1	-1	8	10	-1	-1	-1	-1	-1	100	-1	-1	-1	-1	-1	0	0	0	0	0	0	0	0	
25	Odin's	Odin	2	-1	11	-1	9	-1	1	-1	-1	-1	-1	-1	15	-1	50	-1	50	-1	30	-1	-1	-1	-1	-1	-1	-1	-1	-1	8	12	21	13	-1	-1	-1	50	5	50	-1	-1	-1	0	0	0	0	0	0	0	0	
26	Elvian's	Elvian	1	-1	-1	-1	-1	-1	-1	-1	-1	-1	-1	-1	30	-1	-1	-1	-1	-1	-1	-1	-1	-1	-1	-1	-1	-1	-1	-1	8	21	-1	-1	-1	-1	-1	5	-1	-1	-1	-1	-1	0	0	0	0	0	0	0	0	
27	Argo's	Argo	6	-1	19	-1	-1	-1	-1	-1	-1	-1	-1	-1	20	-1	25	-1	-1	-1	-1	-1	-1	-1	-1	-1	-1	-1	-1	-1	8	13	20	-1	-1	-1	-1	50	5	-1	-1	-1	-1	0	0	0	0	0	0	0	0	
28	Karis's	Karis	19	-1	20	-1	-1	-1	-1	-1	-1	-1	-1	-1	15	-1	10	-1	-1	-1	-1	-1	-1	-1	-1	-1	-1	-1	-1	-1	8	15	1	-1	-1	-1	-1	10	40	-1	-1	-1	-1	0	0	0	0	0	0	0	0	
29	Gywen's	Gywen	1	-1	5	-1	10	-1	6	-1	-1	-1	-1	-1	30	-1	20	20	20	-1	20	-1	-1	-1	-1	-1	-1	-1	-1	-1	8	15	17	16	18	-1	-1	15	15	20	20	-1	-1	0	0	0	0	0	0	0	0	
30	Aruan's	Aruan	8	-1	20	-1	19	-1	-1	-1	-1	-1	-1	-1	10	-1	10	-1	20	-1	-1	-1	-1	-1	-1	-1	-1	-1	-1	-1	8	15	17	21	-1	-1	-1	15	15	5	-1	-1	-1	0	0	0	0	0	0	0	0	
31	Gaion's	Gaion	21	-1	20	-1	19	-1	-1	-1	-1	-1	-1	-1	5	-1	15	-1	15	-1	-1	-1	-1	-1	-1	-1	-1	-1	-1	-1	8	17	18	7	0	-1	-1	15	30	10	30	-1	-1	0	0	0	0	0	0	0	0	
32	Muren's	Muren	19	-1	7	-1	20	-1	-1	-1	-1	-1	-1	-1	10	-1	10	-1	10	-1	-1	-1	-1	-1	-1	-1	-1	-1	-1	-1	8	15	17	10	23	-1	-1	15	15	25	20	-1	-1	0	0	0	0	0	0	0	0	
33	Agnis's	Agnis	20	-1	10	-1	19	-1	-1	-1	-1	-1	-1	-1	10	-1	40	-1	20	-1	-1	-1	-1	-1	-1	-1	-1	-1	-1	-1	8	15	17	16	18	-1	-1	15	15	20	20	-1	-1	0	0	0	0	0	0	0	0	
34	Broy's	Broy	8	-1	19	-1	2	-1	-1	-1	-1	-1	-1	-1	20	-1	20	-1	30	-1	-1	-1	-1	-1	-1	-1	-1	-1	-1	-1	8	15	17	21	4	-1	-1	15	15	5	30	-1	-1	0	0	0	0	0	0	0	0	
35	Chrono's	Chrono	20	-1	10	-1	19	-1	-1	-1	-1	-1	-1	-1	20	-1	60	-1	30	-1	-1	-1	-1	-1	-1	-1	-1	-1	-1	-1	8	15	17	16	18	-1	-1	15	15	20	20	-1	-1	0	0	0	0	0	0	0	0	
36	Semeden's	Semeden	7	-1	19	-1	2	-1	-1	-1	-1	-1	-1	-1	15	-1	25	-1	30	-1	-1	-1	-1	-1	-1	-1	-1	-1	-1	-1	8	15	17	21	-1	-1	-1	15	15	5	-1	-1	-1	0	0	0	0	0	0	0	0	
37	Vega's	Vega	9	-1	3	-1	6	-1	-1	-1	-1	-1	-1	-1	50	-1	50	-1	30	-1	-1	-1	-1	-1	-1	-1	-1	-1	-1	-1	8	17	20	21	-1	-1	-1	15	5	5	-1	-1	-1	0	0	0	0	0	0	0	0	
38	Chamer's	Chamer	10	-1	20	-1	8	-1	-1	-1	-1	-1	-1	-1	50	-1	5	-1	30	-1	-1	-1	-1	-1	-1	-1	-1	-1	-1	-1	8	16	17	19	18	-1	-1	30	15	30	20	-1	-1	0	0	0	0	0	0	0	0	
39	Moros's	Moros	11	-1	19	-1	10	-1	20	-1	-1	-1	-1	-1	30	-1	25	-1	20	-1	10	-1	-1	-1	-1	-1	-1	-1	-1	-1	8	15	17	16	18	-1	-1	10	10	10	10	-1	-1	0	0	0	0	0	0	0	0	
40	Dione's	Dione	11	-1	19	-1	10	-1	20	-1	-1	-1	-1	-1	30	-1	25	-1	20	-1	10	-1	-1	-1	-1	-1	-1	-1	-1	-1	8	15	17	16	18	-1	-1	10	10	10	10	-1	-1	0	0	0	0	0	0	0	0	
41	Hades's	Hades	11	-1	19	-1	10	-1	20	-1	-1	-1	-1	-1	30	-1	25	-1	20	-1	10	-1	-1	-1	-1	-1	-1	-1	-1	-1	8	15	17	16	18	-1	-1	10	10	10	10	-1	-1	0	0	0	0	0	0	0	0	
42	Ophion's	Ophion	11	-1	19	-1	10	-1	20	-1	-1	-1	-1	-1	30	-1	25	-1	20	-1	10	-1	-1	-1	-1	-1	-1	-1	-1	-1	8	15	17	16	18	-1	-1	10	10	10	10	-1	-1	0	0	0	0	0	0	0	0	
43	Meter's	Meter	11	-1	10	-1	20	-1	15	-1	-1	-1	-1	-1	50	-1	40	-1	15	-1	15	-1	-1	-1	-1	-1	-1	-1	-1	-1	8	17	16	18	21	-1	-1	15	20	20	5	-1	-1	0	0	0	0	0	0	0	0	
44	Hegaton's	Hegaton	11	-1	10	-1	20	-1	15	-1	-1	-1	-1	-1	50	-1	40	-1	15	-1	15	-1	-1	-1	-1	-1	-1	-1	-1	-1	8	17	16	18	21	-1	-1	15	20	20	5	-1	-1	0	0	0	0	0	0	0	0	
45	Castol's	Castol	11	-1	10	-1	20	-1	15	-1	-1	-1	-1	-1	50	-1	40	-1	15	-1	15	-1	-1	-1	-1	-1	-1	-1	-1	-1	8	17	16	18	21	-1	-1	15	20	20	5	-1	-1	0	0	0	0	0	0	0	0	
46	Taros's	Taros	11	-1	10	-1	20	-1	15	-1	-1	-1	-1	-1	50	-1	40	-1	15	-1	15	-1	-1	-1	-1	-1	-1	-1	-1	-1	8	17	16	18	21	-1	-1	15	20	20	5	-1	-1	0	0	0	0	0	0	0	0	
47	Nemesis's	Nemesis	11	-1	10	-1	20	-1	15	-1	-1	-1	-1	-1	50	-1	40	-1	15	-1	15	-1	-1	-1	-1	-1	-1	-1	-1	-1	8	17	16	18	21	-1	-1	15	20	20	5	-1	-1	0	0	0	0	0	0	0	0	
48	Amis's	Amis	11	-1	10	-1	20	-1	-1	-1	-1	-1	-1	-1	50	-1	40	-1	15	-1	-1	-1	-1	-1	-1	-1	-1	-1	-1	-1	8	15	17	16	18	21	-1	15	15	20	20	5	-1	0	0	0	0	0	0	0	0	
49	Trite's	Trite	11	-1	10	-1	20	-1	-1	-1	-1	-1	-1	-1	50	-1	40	-1	15	-1	-1	-1	-1	-1	-1	-1	-1	-1	-1	-1	8	15	17	16	18	21	-1	15	15	20	20	5	-1	0	0	0	0	0	0	0	0	
50	Mahes's	Mahes	11	-1	-1	-1	-1	-1	-1	-1	-1	-1	-1	-1	100	-1	-1	-1	-1	-1	-1	-1	-1	-1	-1	-1	-1	-1	-1	-1	3	21	22	-1	-1	-1	-1	6	17	-1	-1	-1	-1	0	0	0	0	0	0	0	0	
51	Bes's	Bes	2	-1	-1	-1	-1	-1	-1	-1	-1	-1	-1	-1	200	-1	-1	-1	-1	-1	-1	-1	-1	-1	-1	-1	-1	-1	-1	-1	3	7	19	-1	-1	-1	-1	9	80	-1	-1	-1	-1	0	0	0	0	0	0	0	0	
52	Serket's	Serket	1	-1	-1	-1	-1	-1	-1	-1	-1	-1	-1	-1	40	-1	-1	-1	-1	-1	-1	-1	-1	-1	-1	-1	-1	-1	-1	-1	3	10	8	-1	-1	-1	-1	90	40	-1	-1	-1	-1	0	0	0	0	0	0	0	0	
53	Apis's	Apis	0	-1	-1	-1	-1	-1	-1	-1	-1	-1	-1	-1	60	-1	-1	-1	-1	-1	-1	-1	-1	-1	-1	-1	-1	-1	-1	-1	3	16	18	-1	-1	-1	-1	40	40	-1	-1	-1	-1	0	0	0	0	0	0	0	0	
54	Khons's	Khons	11	-1	-1	-1	-1	-1	-1	-1	-1	-1	-1	-1	200	-1	-1	-1	-1	-1	-1	-1	-1	-1	-1	-1	-1	-1	-1	-1	3	15	17	-1	-1	-1	-1	3	3	-1	-1	-1	-1	0	0	0	0	0	0	0	0	
55	Hapy's	Hapy	1	-1	-1	-1	-1	-1	-1	-1	-1	-1	-1	-1	10	-1	-1	-1	-1	-1	-1	-1	-1	-1	-1	-1	-1	-1	-1	-1	3	21	10	-1	-1	-1	-1	1	40	-1	-1	-1	-1	0	0	0	0	0	0	0	0	
56	Horus's	Horus	5	-1	-1	-1	-1	-1	-1	-1	-1	-1	-1	-1	80	-1	-1	-1	-1	-1	-1	-1	-1	-1	-1	-1	-1	-1	-1	-1	3	19	20	-1	-1	-1	-1	60	4	-1	-1	-1	-1	0	0	0	0	0	0	0	0	
57	Bragi's	Bragi	0	-1	0	-1	0	-1	11	-1	-1	-1	-1	-1	10	-1	20	-1	30	-1	50	-1	-1	-1	-1	-1	-1	-1	-1	-1	6	5	23	20	19	-1	-1	30	6	3	50	-1	-1	0	0	0	0	0	0	0	0	
58	Alvis's	Alvis	20	-1	20	-1	20	-1	2	-1	-1	-1	-1	-1	1	-1	2	-1	3	-1	10	-1	-1	-1	-1	-1	-1	-1	-1	-1	6	21	15	17	22	-1	-1	1	8	8	8	-1	-1	0	0	0	0	0	0	0	0	
59	Frigg's	Frigg	5	-1	6	-1	5	-1	6	-1	-1	-1	-1	-1	40	-1	40	-1	50	-1	50	-1	-1	-1	-1	-1	-1	-1	-1	-1	6	15	17	11	10	-1	-1	7	7	50	20	-1	-1	0	0	0	0	0	0	0	0	
60	Tyr's	Tyr	0	-1	1	-1	2	-1	3	-1	-1	-1	-1	-1	20	-1	20	-1	20	-1	20	-1	-1	-1	-1	-1	-1	-1	-1	-1	6	20	7	23	17	-1	-1	1	1	6	12	-1	-1	0	0	0	0	0	0	0	0	
61	Surt's	Surt	22	-1	10	-1	0	-1	11	-1	-1	-1	-1	-1	2	-1	20	-1	30	-1	70	-1	-1	-1	-1	-1	-1	-1	-1	-1	6	19	16	15	2	-1	-1	40	80	11	60	-1	-1	0	0	0	0	0	0	0	0	
62	Elune's	Elune	17	-1	17	-1	17	-1	20	-1	-1	-1	-1	-1	8	-1	9	-1	10	-1	12	-1	-1	-1	-1	-1	-1	-1	-1	-1	6	19	10	12	7	-1	-1	80	40	200	13	-1	-1	0	0	0	0	0	0	0	0	
63	Magni's	Magni	6	-1	6	-1	6	-1	11	-1	-1	-1	-1	-1	5	-1	10	-1	15	-1	100	-1	-1	-1	-1	-1	-1	-1	-1	-1	6	10	18	17	8	-1	-1	50	10	8	60	-1	-1	0	0	0	0	0	0	0	0	
64		.	-1	-1	-1	-1	-1	-1	-1	-1	-1	-1	-1	-1	-1	-1	-1	-1	-1	-1	-1	-1	-1	-1	-1	-1	-1	-1	-1	-1	-1	-1	-1	-1	-1	-1	-1	-1	-1	-1	-1	-1	-1	-1	-1	-1	-1	-1	-1	-1	-1	
65		.	-1	-1	-1	-1	-1	-1	-1	-1	-1	-1	-1	-1	-1	-1	-1	-1	-1	-1	-1	-1	-1	-1	-1	-1	-1	-1	-1	-1	-1	-1	-1	-1	-1	-1	-1	-1	-1	-1	-1	-1	-1	-1	-1	-1	-1	-1	-1	-1	-1	
66		.	-1	-1	-1	-1	-1	-1	-1	-1	-1	-1	-1	-1	-1	-1	-1	-1	-1	-1	-1	-1	-1	-1	-1	-1	-1	-1	-1	-1	-1	-1	-1	-1	-1	-1	-1	-1	-1	-1	-1	-1	-1	-1	-1	-1	-1	-1	-1	-1	-1	
67		.	-1	-1	-1	-1	-1	-1	-1	-1	-1	-1	-1	-1	-1	-1	-1	-1	-1	-1	-1	-1	-1	-1	-1	-1	-1	-1	-1	-1	-1	-1	-1	-1	-1	-1	-1	-1	-1	-1	-1	-1	-1	-1	-1	-1	-1	-1	-1	-1	-1	
68		.	-1	-1	-1	-1	-1	-1	-1	-1	-1	-1	-1	-1	-1	-1	-1	-1	-1	-1	-1	-1	-1	-1	-1	-1	-1	-1	-1	-1	-1	-1	-1	-1	-1	-1	-1	-1	-1	-1	-1	-1	-1	-1	-1	-1	-1	-1	-1	-1	-1	
69		.	-1	-1	-1	-1	-1	-1	-1	-1	-1	-1	-1	-1	-1	-1	-1	-1	-1	-1	-1	-1	-1	-1	-1	-1	-1	-1	-1	-1	-1	-1	-1	-1	-1	-1	-1	-1	-1	-1	-1	-1	-1	-1	-1	-1	-1	-1	-1	-1	-1	
70		.	-1	-1	-1	-1	-1	-1	-1	-1	-1	-1	-1	-1	-1	-1	-1	-1	-1	-1	-1	-1	-1	-1	-1	-1	-1	-1	-1	-1	-1	-1	-1	-1	-1	-1	-1	-1	-1	-1	-1	-1	-1	-1	-1	-1	-1	-1	-1	-1	-1	
71	Dorov's	Dorov	8	19	11	12	22	-1	-1	-1	-1	-1	-1	-1	20	20	100	100	5	-1	-1	-1	-1	-1	-1	-1	-1	-1	-1	-1	8	15	17	-1	-1	-1	-1	10	10	-1	-1	-1	-1	0	0	0	0	0	0	0	0	
72	Anas's	Anas	19	-1	10	-1	20	-1	-1	-1	-1	-1	-1	-1	20	-1	40	-1	10	-1	-1	-1	-1	-1	-1	-1	-1	-1	-1	-1	8	8	15	17	22	-1	-1	20	15	15	5	-1	-1	0	0	0	0	0	0	0	0	
73	Akhir's	Akhir	19	-1	0	-1	18	-1	-1	-1	-1	-1	-1	-1	30	-1	30	-1	20	-1	-1	-1	-1	-1	-1	-1	-1	-1	-1	-1	8	16	15	17	21	-1	-1	20	15	15	5	-1	-1	0	0	0	0	0	0	0	0	
74	Camill's	Camill	5	-1	6	-1	20	-1	-1	-1	-1	-1	-1	-1	30	-1	50	-1	10	-1	-1	-1	-1	-1	-1	-1	-1	-1	-1	-1	8	8	15	17	22	-1	-1	20	15	15	5	-1	-1	0	0	0	0	0	0	0	0	
75	Carthy's	Carthy	19	-1	1	-1	18	-1	-1	-1	-1	-1	-1	-1	30	-1	30	-1	20	-1	-1	-1	-1	-1	-1	-1	-1	-1	-1	-1	8	16	15	17	21	-1	-1	20	15	15	5	-1	-1	0	0	0	0	0	0	0	0	
76	Dria's	Dria	11	-1	19	-1	10	-1	20	-1	-1	-1	-1	-1	30	-1	25	-1	20	-1	10	-1	-1	-1	-1	-1	-1	-1	-1	-1	8	15	17	16	18	-1	-1	10	10	10	10	-1	-1	0	0	0	0	0	0	0	0	
77	Deruff's	Deruff	11	-1	10	-1	20	-1	15	-1	-1	-1	-1	-1	50	-1	40	-1	15	-1	15	-1	-1	-1	-1	-1	-1	-1	-1	-1	8	17	16	18	21	-1	-1	15	20	20	5	-1	-1	0	0	0	0	0	0	0	0	
78	Fury's	Fury	19	0	20	26	15	17	-1	-1	-1	-1	-1	-1	25	50	10	50	15	15	-1	-1	-1	-1	-1	-1	-1	-1	-1	-1	8	21	24	25	16	18	-1	5	10	20	30	30	-1	0	0	0	0	0	0	0	0	
79		.	-1	-1	-1	-1	-1	-1	-1	-1	-1	-1	-1	-1	-1	-1	-1	-1	-1	-1	-1	-1	-1	-1	-1	-1	-1	-1	-1	-1	-1	-1	-1	-1	-1	-1	-1	-1	-1	-1	-1	-1	-1	-1	-1	-1	-1	-1	-1	-1	-1	
80	Transcendence's	Transcendence	19	2	20	27	15	17	-1	-1	-1	-1	-1	-1	25	50	10	50	15	15	-1	-1	-1	-1	-1	-1	-1	-1	-1	-1	8	21	24	25	16	18	-1	5	10	20	30	30	-1	0	0	0	0	0	0	0	0	
81		.	-1	-1	-1	-1	-1	-1	-1	-1	-1	-1	-1	-1	-1	-1	-1	-1	-1	-1	-1	-1	-1	-1	-1	-1	-1	-1	-1	-1	-1	-1	-1	-1	-1	-1	-1	-1	-1	-1	-1	-1	-1	-1	-1	-1	-1	-1	-1	-1	-1	
82	Flurry's	Flurry	19	1	20	26	15	17	-1	-1	-1	-1	-1	-1	25	50	10	50	15	15	-1	-1	-1	-1	-1	-1	-1	-1	-1	-1	8	21	24	25	16	18	-1	5	10	20	30	30	-1	0	0	0	0	0	0	0	0	
83		.	-1	-1	-1	-1	-1	-1	-1	-1	-1	-1	-1	-1	-1	-1	-1	-1	-1	-1	-1	-1	-1	-1	-1	-1	-1	-1	-1	-1	-1	-1	-1	-1	-1	-1	-1	-1	-1	-1	-1	-1	-1	-1	-1	-1	-1	-1	-1	-1	-1	
84	Honor's	Honor	19	2	20	27	15	17	-1	-1	-1	-1	-1	-1	25	50	10	50	15	15	-1	-1	-1	-1	-1	-1	-1	-1	-1	-1	8	21	24	25	16	18	-1	5	10	20	30	30	-1	0	0	0	0	0	0	0	0	
85		.	-1	-1	-1	-1	-1	-1	-1	-1	-1	-1	-1	-1	-1	-1	-1	-1	-1	-1	-1	-1	-1	-1	-1	-1	-1	-1	-1	-1	-1	-1	-1	-1	-1	-1	-1	-1	-1	-1	-1	-1	-1	-1	-1	-1	-1	-1	-1	-1	-1	
86	Extremity's	Extremity	19	0	20	26	15	17	-1	-1	-1	-1	-1	-1	25	50	10	50	15	15	-1	-1	-1	-1	-1	-1	-1	-1	-1	-1	8	21	24	25	16	18	-1	5	10	20	30	30	-1	0	0	0	0	0	0	0	0	
87		.	-1	-1	-1	-1	-1	-1	-1	-1	-1	-1	-1	-1	-1	-1	-1	-1	-1	-1	-1	-1	-1	-1	-1	-1	-1	-1	-1	-1	-1	-1	-1	-1	-1	-1	-1	-1	-1	-1	-1	-1	-1	-1	-1	-1	-1	-1	-1	-1	-1	
88	Conquest's	Conquest	19	0	20	26	15	17	-1	-1	-1	-1	-1	-1	25	50	10	50	15	15	-1	-1	-1	-1	-1	-1	-1	-1	-1	-1	8	21	24	25	16	18	-1	5	10	20	30	30	-1	0	0	0	0	0	0	0	0	
89		.	-1	-1	-1	-1	-1	-1	-1	-1	-1	-1	-1	-1	-1	-1	-1	-1	-1	-1	-1	-1	-1	-1	-1	-1	-1	-1	-1	-1	-1	-1	-1	-1	-1	-1	-1	-1	-1	-1	-1	-1	-1	-1	-1	-1	-1	-1	-1	-1	-1	
90	Destruction's	Destruction	19	0	20	26	15	17	-1	-1	-1	-1	-1	-1	25	50	10	50	15	15	-1	-1	-1	-1	-1	-1	-1	-1	-1	-1	8	21	24	25	16	18	-1	5	10	20	30	30	-1	0	0	0	0	0	0	0	0	
91		.	-1	-1	-1	-1	-1	-1	-1	-1	-1	-1	-1	-1	-1	-1	-1	-1	-1	-1	-1	-1	-1	-1	-1	-1	-1	-1	-1	-1	-1	-1	-1	-1	-1	-1	-1	-1	-1	-1	-1	-1	-1	-1	-1	-1	-1	-1	-1	-1	-1	
92	Tenacity's	Tenacity	19	0	20	26	15	17	-1	-1	-1	-1	-1	-1	25	50	10	50	15	15	-1	-1	-1	-1	-1	-1	-1	-1	-1	-1	8	21	24	25	16	18	-1	5	10	20	30	30	-1	0	0	0	0	0	0	0	0	
93		.	-1	-1	-1	-1	-1	-1	-1	-1	-1	-1	-1	-1	-1	-1	-1	-1	-1	-1	-1	-1	-1	-1	-1	-1	-1	-1	-1	-1	-1	-1	-1	-1	-1	-1	-1	-1	-1	-1	-1	-1	-1	-1	-1	-1	-1	-1	-1	-1	-1	
94	Apprentice Knight's	Apprentice Knight	19	-1	8	-1	20	-1	26	-1	-1	-1	-1	-1	5	-1	7	-1	1	-1	30	-1	-1	-1	-1	-1	-1	-1	-1	-1	8	25	-1	-1	-1	-1	-1	20	-1	-1	-1	-1	-1	0	0	0	0	0	0	0	0	
95	Dark Knight's	Dark Knight	19	-1	8	-1	20	-1	26	-1	-1	-1	-1	-1	7	-1	10	-1	3	-1	50	-1	-1	-1	-1	-1	-1	-1	-1	-1	8	25	21	-1	-1	-1	-1	40	3	-1	-1	-1	-1	0	0	0	0	0	0	0	0	
96	Apprentice Wizard's	Apprentice Wizard	7	-1	19	-1	20	-1	27	-1	-1	-1	-1	-1	7	-1	7	-1	1	-1	30	-1	-1	-1	-1	-1	-1	-1	-1	-1	8	25	-1	-1	-1	-1	-1	20	-1	-1	-1	-1	-1	0	0	0	0	0	0	0	0	
97	Dark Wizard's	Dark Wizard	7	-1	19	-1	20	-1	27	-1	-1	-1	-1	-1	10	-1	10	-1	3	-1	50	-1	-1	-1	-1	-1	-1	-1	-1	-1	8	25	21	-1	-1	-1	-1	40	3	-1	-1	-1	-1	0	0	0	0	0	0	0	0	
98	Young Elf's	Young Elf	19	-1	8	-1	20	-1	26	-1	-1	-1	-1	-1	5	-1	7	-1	1	-1	30	-1	-1	-1	-1	-1	-1	-1	-1	-1	8	25	-1	-1	-1	-1	-1	20	-1	-1	-1	-1	-1	0	0	0	0	0	0	0	0	
99	Elf's	Elf	19	-1	8	-1	20	-1	26	-1	-1	-1	-1	-1	7	-1	10	-1	3	-1	50	-1	-1	-1	-1	-1	-1	-1	-1	-1	8	25	21	-1	-1	-1	-1	40	3	-1	-1	-1	-1	0	0	0	0	0	0	0	0	
100	Apprentice Magic Knight's	Apprentice Magic Knight	8	-1	19	-1	20	-1	-1	-1	-1	-1	-1	-1	7	-1	5	-1	1	-1	-1	-1	-1	-1	-1	-1	-1	-1	-1	-1	8	26	27	25	-1	-1	-1	30	30	20	-1	-1	-1	0	0	0	0	0	0	0	0	
101	Magic Knight's	Magic Knight	8	-1	19	-1	20	-1	-1	-1	-1	-1	-1	-1	10	-1	7	-1	3	-1	-1	-1	-1	-1	-1	-1	-1	-1	-1	-1	8	26	27	25	21	-1	-1	50	50	40	3	-1	-1	0	0	0	0	0	0	0	0	
102	Junior Lord's	Junior Lord	19	-1	8	-1	20	-1	26	-1	-1	-1	-1	-1	5	-1	7	-1	1	-1	30	-1	-1	-1	-1	-1	-1	-1	-1	-1	8	25	-1	-1	-1	-1	-1	20	-1	-1	-1	-1	-1	0	0	0	0	0	0	0	0	
103	Dark Lord's	Dark Lord	19	-1	8	-1	20	-1	26	-1	-1	-1	-1	-1	7	-1	10	-1	3	-1	50	-1	-1	-1	-1	-1	-1	-1	-1	-1	8	25	21	-1	-1	-1	-1	40	3	-1	-1	-1	-1	0	0	0	0	0	0	0	0	
104	Apprentice Summoner's	Apprentice Summoner	7	-1	19	-1	20	-1	27	-1	-1	-1	-1	-1	7	-1	7	-1	1	-1	30	-1	-1	-1	-1	-1	-1	-1	-1	-1	8	25	-1	-1	-1	-1	-1	20	-1	-1	-1	-1	-1	0	0	0	0	0	0	0	0	
105	Summoner's	Summoner	7	-1	19	-1	20	-1	27	-1	-1	-1	-1	-1	10	-1	10	-1	3	-1	50	-1	-1	-1	-1	-1	-1	-1	-1	-1	8	25	21	-1	-1	-1	-1	40	3	-1	-1	-1	-1	0	0	0	0	0	0	0	0	
106	Apprentice Fighter's	Apprentice Fighter	10	-1	8	-1	20	-1	-1	-1	-1	-1	-1	-1	20	-1	7	-1	1	-1	-1	-1	-1	-1	-1	-1	-1	-1	-1	-1	8	26	25	-1	-1	-1	-1	30	20	-1	-1	-1	-1	0	0	0	0	0	0	0	0	
107	Fighter's	Fighter	10	-1	8	-1	20	-1	-1	-1	-1	-1	-1	-1	40	-1	10	-1	3	-1	-1	-1	-1	-1	-1	-1	-1	-1	-1	-1	8	26	25	21	-1	-1	-1	50	40	3	-1	-1	-1	0	0	0	0	0	0	0	0	
108	Apprentice Lancer's	Apprentice Lancer	22	-1	8	-1	20	-1	26	-1	-1	-1	-1	-1	7	-1	7	-1	1	-1	30	-1	-1	-1	-1	-1	-1	-1	-1	-1	8	25	-1	-1	-1	-1	-1	20	-1	-1	-1	-1	-1	0	0	0	0	0	0	0	0	
109	Lancer's	Lancer	22	-1	8	-1	20	-1	26	-1	-1	-1	-1	-1	10	-1	10	-1	3	-1	50	-1	-1	-1	-1	-1	-1	-1	-1	-1	8	25	21	-1	-1	-1	-1	40	3	-1	-1	-1	-1	0	0	0	0	0	0	0	0	
110	Courage's	Courage	19	0	20	26	16	18	-1	-1	-1	-1	-1	-1	30	70	15	75	35	50	-1	-1	-1	-1	-1	-1	-1	-1	-1	-1	8	21	24	25	15	17	-1	7	15	30	18	18	-1	0	0	0	0	0	0	0	0	
111	Wisdom's	Wisdom	19	2	20	27	16	18	-1	-1	-1	-1	-1	-1	40	70	15	75	35	50	-1	-1	-1	-1	-1	-1	-1	-1	-1	-1	8	21	24	25	15	17	-1	7	15	40	18	18	-1	0	0	0	0	0	0	0	0	
112	Speed's	Speed	19	1	20	26	16	18	-1	-1	-1	-1	-1	-1	30	70	15	75	35	50	-1	-1	-1	-1	-1	-1	-1	-1	-1	-1	8	21	24	25	15	17	-1	7	15	30	18	18	-1	0	0	0	0	0	0	0	0	
113	Chaos's	Chaos	19	2	20	27	16	18	-1	-1	-1	-1	-1	-1	40	70	15	75	35	50	-1	-1	-1	-1	-1	-1	-1	-1	-1	-1	8	21	24	25	15	17	-1	7	15	40	18	18	-1	0	0	0	0	0	0	0	0	
114	Determination's	Determination	19	0	20	26	16	18	-1	-1	-1	-1	-1	-1	30	70	15	75	35	50	-1	-1	-1	-1	-1	-1	-1	-1	-1	-1	8	21	24	25	15	17	-1	7	15	30	18	18	-1	0	0	0	0	0	0	0	0	
115	Justice's	Justice	19	0	20	26	16	18	-1	-1	-1	-1	-1	-1	30	70	15	75	35	50	-1	-1	-1	-1	-1	-1	-1	-1	-1	-1	8	21	24	25	15	17	-1	7	15	30	18	18	-1	0	0	0	0	0	0	0	0	
116	Will's	Will	19	0	20	26	16	18	-1	-1	-1	-1	-1	-1	30	70	15	75	35	50	-1	-1	-1	-1	-1	-1	-1	-1	-1	-1	8	21	24	25	15	17	-1	7	15	25	18	18	-1	0	0	0	0	0	0	0	0	
117	Retribution's	Retribution	19	0	20	26	16	18	-1	-1	-1	-1	-1	-1	30	70	15	75	35	50	-1	-1	-1	-1	-1	-1	-1	-1	-1	-1	8	21	24	25	15	17	-1	7	15	25	18	18	-1	0	0	0	0	0	0	0	0	
118	Protection's	Protection	19	0	20	26	16	18	-1	-1	-1	-1	-1	-1	35	90	18	100	40	70	-1	-1	-1	-1	-1	-1	-1	-1	-1	-1	8	21	24	25	15	17	-1	9	20	40	20	20	-1	0	0	0	0	0	0	0	0	
119	Tranquil's	Tranquil	19	2	20	27	16	18	-1	-1	-1	-1	-1	-1	50	90	18	100	40	70	-1	-1	-1	-1	-1	-1	-1	-1	-1	-1	8	21	24	25	15	17	-1	9	20	60	20	20	-1	0	0	0	0	0	0	0	0	
120	Of's	Of	19	1	20	26	16	18	-1	-1	-1	-1	-1	-1	35	90	18	100	40	70	-1	-1	-1	-1	-1	-1	-1	-1	-1	-1	8	21	24	25	15	17	-1	9	20	40	20	20	-1	0	0	0	0	0	0	0	0	
121	Guardian's	Guardian	19	2	20	27	16	18	-1	-1	-1	-1	-1	-1	50	90	18	100	40	70	-1	-1	-1	-1	-1	-1	-1	-1	-1	-1	8	21	24	25	15	17	-1	9	20	60	20	20	-1	0	0	0	0	0	0	0	0	
122	Solid's	Solid	19	0	20	26	16	18	-1	-1	-1	-1	-1	-1	35	90	18	100	40	70	-1	-1	-1	-1	-1	-1	-1	-1	-1	-1	8	21	24	25	15	17	-1	9	20	40	20	20	-1	0	0	0	0	0	0	0	0	
123	Determined's	Determined	19	0	20	26	16	18	-1	-1	-1	-1	-1	-1	35	90	18	100	40	70	-1	-1	-1	-1	-1	-1	-1	-1	-1	-1	8	21	24	25	15	17	-1	9	20	40	20	20	-1	0	0	0	0	0	0	0	0	
124	Muscular's	Muscular	19	0	20	26	16	18	-1	-1	-1	-1	-1	-1	35	90	18	100	40	70	-1	-1	-1	-1	-1	-1	-1	-1	-1	-1	8	21	24	25	15	17	-1	9	20	35	20	20	-1	0	0	0	0	0	0	0	0	
125	Sacred's	Sacred	19	0	20	26	16	18	-1	-1	-1	-1	-1	-1	35	90	18	100	40	70	-1	-1	-1	-1	-1	-1	-1	-1	-1	-1	8	21	24	25	15	17	-1	9	20	35	20	20	-1	0	0	0	0	0	0	0	0	
126	Salvific's	Salvific	2	29	28	22	30	10	-1	-1	-1	-1	-1	-1	50	7	7	7	10	40	-1	-1	-1	-1	-1	-1	-1	-1	-1	-1	8	11	24	25	-1	-1	-1	70	10	40	-1	-1	-1	0	0	0	0	0	0	0	0	
127	Resurgent's	Resurgent	2	29	28	22	30	10	-1	-1	-1	-1	-1	-1	70	16	16	14	20	80	-1	-1	-1	-1	-1	-1	-1	-1	-1	-1	8	11	24	25	-1	-1	-1	150	15	65	-1	-1	-1	0	0	0	0	0	0	0	0	
128	Healing's	Healing	2	29	28	22	30	10	-1	-1	-1	-1	-1	-1	100	35	35	25	35	150	-1	-1	-1	-1	-1	-1	-1	-1	-1	-1	8	11	24	25	-1	-1	-1	300	20	100	-1	-1	-1	0	0	0	0	0	0	0	0	
129	Horsepower's	Horsepower	19	2	20	27	15	17	-1	-1	-1	-1	-1	-1	25	50	10	50	15	15	-1	-1	-1	-1	-1	-1	-1	-1	-1	-1	8	21	24	25	16	18	-1	5	10	20	30	30	-1	0	0	0	0	0	0	0	0	
130	Fallen's	Fallen	19	2	20	27	15	17	-1	-1	-1	-1	-1	-1	40	70	15	75	18	18	-1	-1	-1	-1	-1	-1	-1	-1	-1	-1	8	21	24	25	16	18	-1	7	15	40	35	50	-1	0	0	0	0	0	0	0	0	
131	Decisive's	Decisive	19	2	20	27	15	17	-1	-1	-1	-1	-1	-1	50	90	18	100	20	20	-1	-1	-1	-1	-1	-1	-1	-1	-1	-1	8	21	24	25	16	18	-1	9	20	60	40	70	-1	0	0	0	0	0	0	0	0	
132	Awakening Soul Knight's	Awake	19	0	20	120	124	123	-1	-1	-1	-1	-1	-1	40	100	18	0	4	3	-1	-1	-1	-1	-1	-1	-1	-1	-1	-1	8	21	24	122	15	17	31	9	25	2	20	20	2	0	0	0	0	0	0	0	0	
133	Awakening Soul Wizard's	Awake	19	2	20	121	124	123	-1	-1	-1	-1	-1	-1	55	100	18	1	4	3	-1	-1	-1	-1	-1	-1	-1	-1	-1	-1	8	21	24	122	15	17	31	9	25	2	20	20	2	0	0	0	0	0	0	0	0	
134	Awakening Soul Elf's (Agi)	Awake	19	1	20	125	129	128	-1	-1	-1	-1	-1	-1	45	100	18	5	9	8	-1	-1	-1	-1	-1	-1	-1	-1	-1	-1	8	21	24	122	15	17	31	9	25	2	20	20	2	0	0	0	0	0	0	0	0	
135	Awakening Soul Summoner's	Awake	19	2	20	121	124	123	-1	-1	-1	-1	-1	-1	55	100	18	1	4	3	-1	-1	-1	-1	-1	-1	-1	-1	-1	-1	8	21	24	122	15	17	31	9	25	2	20	20	2	0	0	0	0	0	0	0	0	
136	Awakening Soul Magic's (Str)	Awake	19	0	20	120	124	123	-1	-1	-1	-1	-1	-1	40	100	18	0	4	3	-1	-1	-1	-1	-1	-1	-1	-1	-1	-1	8	21	24	122	15	17	31	9	25	2	20	20	2	0	0	0	0	0	0	0	0	
137	Awakening Soul Lord's	Awake	19	0	20	125	129	128	-1	-1	-1	-1	-1	-1	55	100	18	5	9	8	-1	-1	-1	-1	-1	-1	-1	-1	-1	-1	8	21	24	122	15	17	31	9	25	2	20	20	2	0	0	0	0	0	0	0	0	
138	Awakening Soul Fighter's	Awake	19	0	20	120	124	123	-1	-1	-1	-1	-1	-1	40	100	18	0	4	3	-1	-1	-1	-1	-1	-1	-1	-1	-1	-1	8	21	24	122	15	17	31	9	25	2	20	20	2	0	0	0	0	0	0	0	0	
139	Awakening Soul Lancer's	Awake	19	0	20	125	129	128	-1	-1	-1	-1	-1	-1	45	100	18	5	9	8	-1	-1	-1	-1	-1	-1	-1	-1	-1	-1	8	21	24	122	15	17	31	9	25	2	20	20	2	0	0	0	0	0	0	0	0	
140	Awakening Soul Elf's (Ene)	Awake	2	29	28	22	30	10	-1	-1	-1	-1	-1	-1	120	43	43	35	50	220	-1	-1	-1	-1	-1	-1	-1	-1	-1	-1	8	11	24	122	-1	-1	-1	480	25	2	-1	-1	-1	0	0	0	0	0	0	0	0	
141	Awakening Soul Magic's (Ene)	Awake	19	2	20	121	124	123	-1	-1	-1	-1	-1	-1	55	100	18	1	4	3	-1	-1	-1	-1	-1	-1	-1	-1	-1	-1	8	21	24	122	15	17	31	9	25	2	20	20	2	0	0	0	0	0	0	0	0	
142		.	-1	-1	-1	-1	-1	-1	-1	-1	-1	-1	-1	-1	-1	-1	-1	-1	-1	-1	-1	-1	-1	-1	-1	-1	-1	-1	-1	-1	-1	-1	-1	-1	-1	-1	-1	-1	-1	-1	-1	-1	-1	-1	-1	-1	-1	-1	-1	-1	-1	
143		.	-1	-1	-1	-1	-1	-1	-1	-1	-1	-1	-1	-1	-1	-1	-1	-1	-1	-1	-1	-1	-1	-1	-1	-1	-1	-1	-1	-1	-1	-1	-1	-1	-1	-1	-1	-1	-1	-1	-1	-1	-1	-1	-1	-1	-1	-1	-1	-1	-1	
144		.	-1	-1	-1	-1	-1	-1	-1	-1	-1	-1	-1	-1	-1	-1	-1	-1	-1	-1	-1	-1	-1	-1	-1	-1	-1	-1	-1	-1	-1	-1	-1	-1	-1	-1	-1	-1	-1	-1	-1	-1	-1	-1	-1	-1	-1	-1	-1	-1	-1	
145		.	-1	-1	-1	-1	-1	-1	-1	-1	-1	-1	-1	-1	-1	-1	-1	-1	-1	-1	-1	-1	-1	-1	-1	-1	-1	-1	-1	-1	-1	-1	-1	-1	-1	-1	-1	-1	-1	-1	-1	-1	-1	-1	-1	-1	-1	-1	-1	-1	-1	
146		.	-1	-1	-1	-1	-1	-1	-1	-1	-1	-1	-1	-1	-1	-1	-1	-1	-1	-1	-1	-1	-1	-1	-1	-1	-1	-1	-1	-1	-1	-1	-1	-1	-1	-1	-1	-1	-1	-1	-1	-1	-1	-1	-1	-1	-1	-1	-1	-1	-1	
147		.	-1	-1	-1	-1	-1	-1	-1	-1	-1	-1	-1	-1	-1	-1	-1	-1	-1	-1	-1	-1	-1	-1	-1	-1	-1	-1	-1	-1	-1	-1	-1	-1	-1	-1	-1	-1	-1	-1	-1	-1	-1	-1	-1	-1	-1	-1	-1	-1	-1	
148		.	-1	-1	-1	-1	-1	-1	-1	-1	-1	-1	-1	-1	-1	-1	-1	-1	-1	-1	-1	-1	-1	-1	-1	-1	-1	-1	-1	-1	-1	-1	-1	-1	-1	-1	-1	-1	-1	-1	-1	-1	-1	-1	-1	-1	-1	-1	-1	-1	-1	
149		.	-1	-1	-1	-1	-1	-1	-1	-1	-1	-1	-1	-1	-1	-1	-1	-1	-1	-1	-1	-1	-1	-1	-1	-1	-1	-1	-1	-1	-1	-1	-1	-1	-1	-1	-1	-1	-1	-1	-1	-1	-1	-1	-1	-1	-1	-1	-1	-1	-1	
150		.	-1	-1	-1	-1	-1	-1	-1	-1	-1	-1	-1	-1	-1	-1	-1	-1	-1	-1	-1	-1	-1	-1	-1	-1	-1	-1	-1	-1	-1	-1	-1	-1	-1	-1	-1	-1	-1	-1	-1	-1	-1	-1	-1	-1	-1	-1	-1	-1	-1	
151		.	-1	-1	-1	-1	-1	-1	-1	-1	-1	-1	-1	-1	-1	-1	-1	-1	-1	-1	-1	-1	-1	-1	-1	-1	-1	-1	-1	-1	-1	-1	-1	-1	-1	-1	-1	-1	-1	-1	-1	-1	-1	-1	-1	-1	-1	-1	-1	-1	-1	
152		.	-1	-1	-1	-1	-1	-1	-1	-1	-1	-1	-1	-1	-1	-1	-1	-1	-1	-1	-1	-1	-1	-1	-1	-1	-1	-1	-1	-1	-1	-1	-1	-1	-1	-1	-1	-1	-1	-1	-1	-1	-1	-1	-1	-1	-1	-1	-1	-1	-1	
153		.	-1	-1	-1	-1	-1	-1	-1	-1	-1	-1	-1	-1	-1	-1	-1	-1	-1	-1	-1	-1	-1	-1	-1	-1	-1	-1	-1	-1	-1	-1	-1	-1	-1	-1	-1	-1	-1	-1	-1	-1	-1	-1	-1	-1	-1	-1	-1	-1	-1	
154		.	-1	-1	-1	-1	-1	-1	-1	-1	-1	-1	-1	-1	-1	-1	-1	-1	-1	-1	-1	-1	-1	-1	-1	-1	-1	-1	-1	-1	-1	-1	-1	-1	-1	-1	-1	-1	-1	-1	-1	-1	-1	-1	-1	-1	-1	-1	-1	-1	-1	
155		.	-1	-1	-1	-1	-1	-1	-1	-1	-1	-1	-1	-1	-1	-1	-1	-1	-1	-1	-1	-1	-1	-1	-1	-1	-1	-1	-1	-1	-1	-1	-1	-1	-1	-1	-1	-1	-1	-1	-1	-1	-1	-1	-1	-1	-1	-1	-1	-1	-1	
156		.	-1	-1	-1	-1	-1	-1	-1	-1	-1	-1	-1	-1	-1	-1	-1	-1	-1	-1	-1	-1	-1	-1	-1	-1	-1	-1	-1	-1	-1	-1	-1	-1	-1	-1	-1	-1	-1	-1	-1	-1	-1	-1	-1	-1	-1	-1	-1	-1	-1	
157		.	-1	-1	-1	-1	-1	-1	-1	-1	-1	-1	-1	-1	-1	-1	-1	-1	-1	-1	-1	-1	-1	-1	-1	-1	-1	-1	-1	-1	-1	-1	-1	-1	-1	-1	-1	-1	-1	-1	-1	-1	-1	-1	-1	-1	-1	-1	-1	-1	-1	
158		.	-1	-1	-1	-1	-1	-1	-1	-1	-1	-1	-1	-1	-1	-1	-1	-1	-1	-1	-1	-1	-1	-1	-1	-1	-1	-1	-1	-1	-1	-1	-1	-1	-1	-1	-1	-1	-1	-1	-1	-1	-1	-1	-1	-1	-1	-1	-1	-1	-1	
159		.	-1	-1	-1	-1	-1	-1	-1	-1	-1	-1	-1	-1	-1	-1	-1	-1	-1	-1	-1	-1	-1	-1	-1	-1	-1	-1	-1	-1	-1	-1	-1	-1	-1	-1	-1	-1	-1	-1	-1	-1	-1	-1	-1	-1	-1	-1	-1	-1	-1	
160		.	-1	-1	-1	-1	-1	-1	-1	-1	-1	-1	-1	-1	-1	-1	-1	-1	-1	-1	-1	-1	-1	-1	-1	-1	-1	-1	-1	-1	-1	-1	-1	-1	-1	-1	-1	-1	-1	-1	-1	-1	-1	-1	-1	-1	-1	-1	-1	-1	-1	
161		.	-1	-1	-1	-1	-1	-1	-1	-1	-1	-1	-1	-1	-1	-1	-1	-1	-1	-1	-1	-1	-1	-1	-1	-1	-1	-1	-1	-1	-1	-1	-1	-1	-1	-1	-1	-1	-1	-1	-1	-1	-1	-1	-1	-1	-1	-1	-1	-1	-1	
162		.	-1	-1	-1	-1	-1	-1	-1	-1	-1	-1	-1	-1	-1	-1	-1	-1	-1	-1	-1	-1	-1	-1	-1	-1	-1	-1	-1	-1	-1	-1	-1	-1	-1	-1	-1	-1	-1	-1	-1	-1	-1	-1	-1	-1	-1	-1	-1	-1	-1	
163		.	-1	-1	-1	-1	-1	-1	-1	-1	-1	-1	-1	-1	-1	-1	-1	-1	-1	-1	-1	-1	-1	-1	-1	-1	-1	-1	-1	-1	-1	-1	-1	-1	-1	-1	-1	-1	-1	-1	-1	-1	-1	-1	-1	-1	-1	-1	-1	-1	-1	
164		.	-1	-1	-1	-1	-1	-1	-1	-1	-1	-1	-1	-1	-1	-1	-1	-1	-1	-1	-1	-1	-1	-1	-1	-1	-1	-1	-1	-1	-1	-1	-1	-1	-1	-1	-1	-1	-1	-1	-1	-1	-1	-1	-1	-1	-1	-1	-1	-1	-1	
165		.	-1	-1	-1	-1	-1	-1	-1	-1	-1	-1	-1	-1	-1	-1	-1	-1	-1	-1	-1	-1	-1	-1	-1	-1	-1	-1	-1	-1	-1	-1	-1	-1	-1	-1	-1	-1	-1	-1	-1	-1	-1	-1	-1	-1	-1	-1	-1	-1	-1	
166		.	-1	-1	-1	-1	-1	-1	-1	-1	-1	-1	-1	-1	-1	-1	-1	-1	-1	-1	-1	-1	-1	-1	-1	-1	-1	-1	-1	-1	-1	-1	-1	-1	-1	-1	-1	-1	-1	-1	-1	-1	-1	-1	-1	-1	-1	-1	-1	-1	-1	
167		.	-1	-1	-1	-1	-1	-1	-1	-1	-1	-1	-1	-1	-1	-1	-1	-1	-1	-1	-1	-1	-1	-1	-1	-1	-1	-1	-1	-1	-1	-1	-1	-1	-1	-1	-1	-1	-1	-1	-1	-1	-1	-1	-1	-1	-1	-1	-1	-1	-1	
168		.	-1	-1	-1	-1	-1	-1	-1	-1	-1	-1	-1	-1	-1	-1	-1	-1	-1	-1	-1	-1	-1	-1	-1	-1	-1	-1	-1	-1	-1	-1	-1	-1	-1	-1	-1	-1	-1	-1	-1	-1	-1	-1	-1	-1	-1	-1	-1	-1	-1	
169		.	-1	-1	-1	-1	-1	-1	-1	-1	-1	-1	-1	-1	-1	-1	-1	-1	-1	-1	-1	-1	-1	-1	-1	-1	-1	-1	-1	-1	-1	-1	-1	-1	-1	-1	-1	-1	-1	-1	-1	-1	-1	-1	-1	-1	-1	-1	-1	-1	-1	
170		.	-1	-1	-1	-1	-1	-1	-1	-1	-1	-1	-1	-1	-1	-1	-1	-1	-1	-1	-1	-1	-1	-1	-1	-1	-1	-1	-1	-1	-1	-1	-1	-1	-1	-1	-1	-1	-1	-1	-1	-1	-1	-1	-1	-1	-1	-1	-1	-1	-1	
171		.	-1	-1	-1	-1	-1	-1	-1	-1	-1	-1	-1	-1	-1	-1	-1	-1	-1	-1	-1	-1	-1	-1	-1	-1	-1	-1	-1	-1	-1	-1	-1	-1	-1	-1	-1	-1	-1	-1	-1	-1	-1	-1	-1	-1	-1	-1	-1	-1	-1	
172		.	-1	-1	-1	-1	-1	-1	-1	-1	-1	-1	-1	-1	-1	-1	-1	-1	-1	-1	-1	-1	-1	-1	-1	-1	-1	-1	-1	-1	-1	-1	-1	-1	-1	-1	-1	-1	-1	-1	-1	-1	-1	-1	-1	-1	-1	-1	-1	-1	-1	
173		.	-1	-1	-1	-1	-1	-1	-1	-1	-1	-1	-1	-1	-1	-1	-1	-1	-1	-1	-1	-1	-1	-1	-1	-1	-1	-1	-1	-1	-1	-1	-1	-1	-1	-1	-1	-1	-1	-1	-1	-1	-1	-1	-1	-1	-1	-1	-1	-1	-1	
174		.	-1	-1	-1	-1	-1	-1	-1	-1	-1	-1	-1	-1	-1	-1	-1	-1	-1	-1	-1	-1	-1	-1	-1	-1	-1	-1	-1	-1	-1	-1	-1	-1	-1	-1	-1	-1	-1	-1	-1	-1	-1	-1	-1	-1	-1	-1	-1	-1	-1	
175		.	-1	-1	-1	-1	-1	-1	-1	-1	-1	-1	-1	-1	-1	-1	-1	-1	-1	-1	-1	-1	-1	-1	-1	-1	-1	-1	-1	-1	-1	-1	-1	-1	-1	-1	-1	-1	-1	-1	-1	-1	-1	-1	-1	-1	-1	-1	-1	-1	-1	
176		.	-1	-1	-1	-1	-1	-1	-1	-1	-1	-1	-1	-1	-1	-1	-1	-1	-1	-1	-1	-1	-1	-1	-1	-1	-1	-1	-1	-1	-1	-1	-1	-1	-1	-1	-1	-1	-1	-1	-1	-1	-1	-1	-1	-1	-1	-1	-1	-1	-1	
177		.	-1	-1	-1	-1	-1	-1	-1	-1	-1	-1	-1	-1	-1	-1	-1	-1	-1	-1	-1	-1	-1	-1	-1	-1	-1	-1	-1	-1	-1	-1	-1	-1	-1	-1	-1	-1	-1	-1	-1	-1	-1	-1	-1	-1	-1	-1	-1	-1	-1	
178		.	-1	-1	-1	-1	-1	-1	-1	-1	-1	-1	-1	-1	-1	-1	-1	-1	-1	-1	-1	-1	-1	-1	-1	-1	-1	-1	-1	-1	-1	-1	-1	-1	-1	-1	-1	-1	-1	-1	-1	-1	-1	-1	-1	-1	-1	-1	-1	-1	-1	
179		.	-1	-1	-1	-1	-1	-1	-1	-1	-1	-1	-1	-1	-1	-1	-1	-1	-1	-1	-1	-1	-1	-1	-1	-1	-1	-1	-1	-1	-1	-1	-1	-1	-1	-1	-1	-1	-1	-1	-1	-1	-1	-1	-1	-1	-1	-1	-1	-1	-1	
180		.	-1	-1	-1	-1	-1	-1	-1	-1	-1	-1	-1	-1	-1	-1	-1	-1	-1	-1	-1	-1	-1	-1	-1	-1	-1	-1	-1	-1	-1	-1	-1	-1	-1	-1	-1	-1	-1	-1	-1	-1	-1	-1	-1	-1	-1	-1	-1	-1	-1	
181		.	-1	-1	-1	-1	-1	-1	-1	-1	-1	-1	-1	-1	-1	-1	-1	-1	-1	-1	-1	-1	-1	-1	-1	-1	-1	-1	-1	-1	-1	-1	-1	-1	-1	-1	-1	-1	-1	-1	-1	-1	-1	-1	-1	-1	-1	-1	-1	-1	-1	
182		.	-1	-1	-1	-1	-1	-1	-1	-1	-1	-1	-1	-1	-1	-1	-1	-1	-1	-1	-1	-1	-1	-1	-1	-1	-1	-1	-1	-1	-1	-1	-1	-1	-1	-1	-1	-1	-1	-1	-1	-1	-1	-1	-1	-1	-1	-1	-1	-1	-1	
183		.	-1	-1	-1	-1	-1	-1	-1	-1	-1	-1	-1	-1	-1	-1	-1	-1	-1	-1	-1	-1	-1	-1	-1	-1	-1	-1	-1	-1	-1	-1	-1	-1	-1	-1	-1	-1	-1	-1	-1	-1	-1	-1	-1	-1	-1	-1	-1	-1	-1	
184		.	-1	-1	-1	-1	-1	-1	-1	-1	-1	-1	-1	-1	-1	-1	-1	-1	-1	-1	-1	-1	-1	-1	-1	-1	-1	-1	-1	-1	-1	-1	-1	-1	-1	-1	-1	-1	-1	-1	-1	-1	-1	-1	-1	-1	-1	-1	-1	-1	-1	
185		.	-1	-1	-1	-1	-1	-1	-1	-1	-1	-1	-1	-1	-1	-1	-1	-1	-1	-1	-1	-1	-1	-1	-1	-1	-1	-1	-1	-1	-1	-1	-1	-1	-1	-1	-1	-1	-1	-1	-1	-1	-1	-1	-1	-1	-1	-1	-1	-1	-1	
186		.	-1	-1	-1	-1	-1	-1	-1	-1	-1	-1	-1	-1	-1	-1	-1	-1	-1	-1	-1	-1	-1	-1	-1	-1	-1	-1	-1	-1	-1	-1	-1	-1	-1	-1	-1	-1	-1	-1	-1	-1	-1	-1	-1	-1	-1	-1	-1	-1	-1	
187		.	-1	-1	-1	-1	-1	-1	-1	-1	-1	-1	-1	-1	-1	-1	-1	-1	-1	-1	-1	-1	-1	-1	-1	-1	-1	-1	-1	-1	-1	-1	-1	-1	-1	-1	-1	-1	-1	-1	-1	-1	-1	-1	-1	-1	-1	-1	-1	-1	-1	
188		.	-1	-1	-1	-1	-1	-1	-1	-1	-1	-1	-1	-1	-1	-1	-1	-1	-1	-1	-1	-1	-1	-1	-1	-1	-1	-1	-1	-1	-1	-1	-1	-1	-1	-1	-1	-1	-1	-1	-1	-1	-1	-1	-1	-1	-1	-1	-1	-1	-1	
189		.	-1	-1	-1	-1	-1	-1	-1	-1	-1	-1	-1	-1	-1	-1	-1	-1	-1	-1	-1	-1	-1	-1	-1	-1	-1	-1	-1	-1	-1	-1	-1	-1	-1	-1	-1	-1	-1	-1	-1	-1	-1	-1	-1	-1	-1	-1	-1	-1	-1	
190		.	-1	-1	-1	-1	-1	-1	-1	-1	-1	-1	-1	-1	-1	-1	-1	-1	-1	-1	-1	-1	-1	-1	-1	-1	-1	-1	-1	-1	-1	-1	-1	-1	-1	-1	-1	-1	-1	-1	-1	-1	-1	-1	-1	-1	-1	-1	-1	-1	-1	
191		.	-1	-1	-1	-1	-1	-1	-1	-1	-1	-1	-1	-1	-1	-1	-1	-1	-1	-1	-1	-1	-1	-1	-1	-1	-1	-1	-1	-1	-1	-1	-1	-1	-1	-1	-1	-1	-1	-1	-1	-1	-1	-1	-1	-1	-1	-1	-1	-1	-1	
192		.	-1	-1	-1	-1	-1	-1	-1	-1	-1	-1	-1	-1	-1	-1	-1	-1	-1	-1	-1	-1	-1	-1	-1	-1	-1	-1	-1	-1	-1	-1	-1	-1	-1	-1	-1	-1	-1	-1	-1	-1	-1	-1	-1	-1	-1	-1	-1	-1	-1	
193		.	-1	-1	-1	-1	-1	-1	-1	-1	-1	-1	-1	-1	-1	-1	-1	-1	-1	-1	-1	-1	-1	-1	-1	-1	-1	-1	-1	-1	-1	-1	-1	-1	-1	-1	-1	-1	-1	-1	-1	-1	-1	-1	-1	-1	-1	-1	-1	-1	-1	
194		.	-1	-1	-1	-1	-1	-1	-1	-1	-1	-1	-1	-1	-1	-1	-1	-1	-1	-1	-1	-1	-1	-1	-1	-1	-1	-1	-1	-1	-1	-1	-1	-1	-1	-1	-1	-1	-1	-1	-1	-1	-1	-1	-1	-1	-1	-1	-1	-1	-1	
195		.	-1	-1	-1	-1	-1	-1	-1	-1	-1	-1	-1	-1	-1	-1	-1	-1	-1	-1	-1	-1	-1	-1	-1	-1	-1	-1	-1	-1	-1	-1	-1	-1	-1	-1	-1	-1	-1	-1	-1	-1	-1	-1	-1	-1	-1	-1	-1	-1	-1	
196		.	-1	-1	-1	-1	-1	-1	-1	-1	-1	-1	-1	-1	-1	-1	-1	-1	-1	-1	-1	-1	-1	-1	-1	-1	-1	-1	-1	-1	-1	-1	-1	-1	-1	-1	-1	-1	-1	-1	-1	-1	-1	-1	-1	-1	-1	-1	-1	-1	-1	
197		.	-1	-1	-1	-1	-1	-1	-1	-1	-1	-1	-1	-1	-1	-1	-1	-1	-1	-1	-1	-1	-1	-1	-1	-1	-1	-1	-1	-1	-1	-1	-1	-1	-1	-1	-1	-1	-1	-1	-1	-1	-1	-1	-1	-1	-1	-1	-1	-1	-1	
198		.	-1	-1	-1	-1	-1	-1	-1	-1	-1	-1	-1	-1	-1	-1	-1	-1	-1	-1	-1	-1	-1	-1	-1	-1	-1	-1	-1	-1	-1	-1	-1	-1	-1	-1	-1	-1	-1	-1	-1	-1	-1	-1	-1	-1	-1	-1	-1	-1	-1	
199		.	-1	-1	-1	-1	-1	-1	-1	-1	-1	-1	-1	-1	-1	-1	-1	-1	-1	-1	-1	-1	-1	-1	-1	-1	-1	-1	-1	-1	-1	-1	-1	-1	-1	-1	-1	-1	-1	-1	-1	-1	-1	-1	-1	-1	-1	-1	-1	-1	-1	
200		.	-1	-1	-1	-1	-1	-1	-1	-1	-1	-1	-1	-1	-1	-1	-1	-1	-1	-1	-1	-1	-1	-1	-1	-1	-1	-1	-1	-1	-1	-1	-1	-1	-1	-1	-1	-1	-1	-1	-1	-1	-1	-1	-1	-1	-1	-1	-1	-1	-1	
201		.	-1	-1	-1	-1	-1	-1	-1	-1	-1	-1	-1	-1	-1	-1	-1	-1	-1	-1	-1	-1	-1	-1	-1	-1	-1	-1	-1	-1	-1	-1	-1	-1	-1	-1	-1	-1	-1	-1	-1	-1	-1	-1	-1	-1	-1	-1	-1	-1	-1	
202		.	-1	-1	-1	-1	-1	-1	-1	-1	-1	-1	-1	-1	-1	-1	-1	-1	-1	-1	-1	-1	-1	-1	-1	-1	-1	-1	-1	-1	-1	-1	-1	-1	-1	-1	-1	-1	-1	-1	-1	-1	-1	-1	-1	-1	-1	-1	-1	-1	-1	
203		.	-1	-1	-1	-1	-1	-1	-1	-1	-1	-1	-1	-1	-1	-1	-1	-1	-1	-1	-1	-1	-1	-1	-1	-1	-1	-1	-1	-1	-1	-1	-1	-1	-1	-1	-1	-1	-1	-1	-1	-1	-1	-1	-1	-1	-1	-1	-1	-1	-1	
204		.	-1	-1	-1	-1	-1	-1	-1	-1	-1	-1	-1	-1	-1	-1	-1	-1	-1	-1	-1	-1	-1	-1	-1	-1	-1	-1	-1	-1	-1	-1	-1	-1	-1	-1	-1	-1	-1	-1	-1	-1	-1	-1	-1	-1	-1	-1	-1	-1	-1	
205		.	-1	-1	-1	-1	-1	-1	-1	-1	-1	-1	-1	-1	-1	-1	-1	-1	-1	-1	-1	-1	-1	-1	-1	-1	-1	-1	-1	-1	-1	-1	-1	-1	-1	-1	-1	-1	-1	-1	-1	-1	-1	-1	-1	-1	-1	-1	-1	-1	-1	
206		.	-1	-1	-1	-1	-1	-1	-1	-1	-1	-1	-1	-1	-1	-1	-1	-1	-1	-1	-1	-1	-1	-1	-1	-1	-1	-1	-1	-1	-1	-1	-1	-1	-1	-1	-1	-1	-1	-1	-1	-1	-1	-1	-1	-1	-1	-1	-1	-1	-1	
207		.	-1	-1	-1	-1	-1	-1	-1	-1	-1	-1	-1	-1	-1	-1	-1	-1	-1	-1	-1	-1	-1	-1	-1	-1	-1	-1	-1	-1	-1	-1	-1	-1	-1	-1	-1	-1	-1	-1	-1	-1	-1	-1	-1	-1	-1	-1	-1	-1	-1	
208		.	-1	-1	-1	-1	-1	-1	-1	-1	-1	-1	-1	-1	-1	-1	-1	-1	-1	-1	-1	-1	-1	-1	-1	-1	-1	-1	-1	-1	-1	-1	-1	-1	-1	-1	-1	-1	-1	-1	-1	-1	-1	-1	-1	-1	-1	-1	-1	-1	-1	
209		.	-1	-1	-1	-1	-1	-1	-1	-1	-1	-1	-1	-1	-1	-1	-1	-1	-1	-1	-1	-1	-1	-1	-1	-1	-1	-1	-1	-1	-1	-1	-1	-1	-1	-1	-1	-1	-1	-1	-1	-1	-1	-1	-1	-1	-1	-1	-1	-1	-1	
210		.	-1	-1	-1	-1	-1	-1	-1	-1	-1	-1	-1	-1	-1	-1	-1	-1	-1	-1	-1	-1	-1	-1	-1	-1	-1	-1	-1	-1	-1	-1	-1	-1	-1	-1	-1	-1	-1	-1	-1	-1	-1	-1	-1	-1	-1	-1	-1	-1	-1	
211		.	-1	-1	-1	-1	-1	-1	-1	-1	-1	-1	-1	-1	-1	-1	-1	-1	-1	-1	-1	-1	-1	-1	-1	-1	-1	-1	-1	-1	-1	-1	-1	-1	-1	-1	-1	-1	-1	-1	-1	-1	-1	-1	-1	-1	-1	-1	-1	-1	-1	
212		.	-1	-1	-1	-1	-1	-1	-1	-1	-1	-1	-1	-1	-1	-1	-1	-1	-1	-1	-1	-1	-1	-1	-1	-1	-1	-1	-1	-1	-1	-1	-1	-1	-1	-1	-1	-1	-1	-1	-1	-1	-1	-1	-1	-1	-1	-1	-1	-1	-1	
213		.	-1	-1	-1	-1	-1	-1	-1	-1	-1	-1	-1	-1	-1	-1	-1	-1	-1	-1	-1	-1	-1	-1	-1	-1	-1	-1	-1	-1	-1	-1	-1	-1	-1	-1	-1	-1	-1	-1	-1	-1	-1	-1	-1	-1	-1	-1	-1	-1	-1	
214		.	-1	-1	-1	-1	-1	-1	-1	-1	-1	-1	-1	-1	-1	-1	-1	-1	-1	-1	-1	-1	-1	-1	-1	-1	-1	-1	-1	-1	-1	-1	-1	-1	-1	-1	-1	-1	-1	-1	-1	-1	-1	-1	-1	-1	-1	-1	-1	-1	-1	
215		.	-1	-1	-1	-1	-1	-1	-1	-1	-1	-1	-1	-1	-1	-1	-1	-1	-1	-1	-1	-1	-1	-1	-1	-1	-1	-1	-1	-1	-1	-1	-1	-1	-1	-1	-1	-1	-1	-1	-1	-1	-1	-1	-1	-1	-1	-1	-1	-1	-1	
216		.	-1	-1	-1	-1	-1	-1	-1	-1	-1	-1	-1	-1	-1	-1	-1	-1	-1	-1	-1	-1	-1	-1	-1	-1	-1	-1	-1	-1	-1	-1	-1	-1	-1	-1	-1	-1	-1	-1	-1	-1	-1	-1	-1	-1	-1	-1	-1	-1	-1	
217		.	-1	-1	-1	-1	-1	-1	-1	-1	-1	-1	-1	-1	-1	-1	-1	-1	-1	-1	-1	-1	-1	-1	-1	-1	-1	-1	-1	-1	-1	-1	-1	-1	-1	-1	-1	-1	-1	-1	-1	-1	-1	-1	-1	-1	-1	-1	-1	-1	-1	
218		.	-1	-1	-1	-1	-1	-1	-1	-1	-1	-1	-1	-1	-1	-1	-1	-1	-1	-1	-1	-1	-1	-1	-1	-1	-1	-1	-1	-1	-1	-1	-1	-1	-1	-1	-1	-1	-1	-1	-1	-1	-1	-1	-1	-1	-1	-1	-1	-1	-1	
219		.	-1	-1	-1	-1	-1	-1	-1	-1	-1	-1	-1	-1	-1	-1	-1	-1	-1	-1	-1	-1	-1	-1	-1	-1	-1	-1	-1	-1	-1	-1	-1	-1	-1	-1	-1	-1	-1	-1	-1	-1	-1	-1	-1	-1	-1	-1	-1	-1	-1	
220		.	-1	-1	-1	-1	-1	-1	-1	-1	-1	-1	-1	-1	-1	-1	-1	-1	-1	-1	-1	-1	-1	-1	-1	-1	-1	-1	-1	-1	-1	-1	-1	-1	-1	-1	-1	-1	-1	-1	-1	-1	-1	-1	-1	-1	-1	-1	-1	-1	-1	
221		.	-1	-1	-1	-1	-1	-1	-1	-1	-1	-1	-1	-1	-1	-1	-1	-1	-1	-1	-1	-1	-1	-1	-1	-1	-1	-1	-1	-1	-1	-1	-1	-1	-1	-1	-1	-1	-1	-1	-1	-1	-1	-1	-1	-1	-1	-1	-1	-1	-1	
222		.	-1	-1	-1	-1	-1	-1	-1	-1	-1	-1	-1	-1	-1	-1	-1	-1	-1	-1	-1	-1	-1	-1	-1	-1	-1	-1	-1	-1	-1	-1	-1	-1	-1	-1	-1	-1	-1	-1	-1	-1	-1	-1	-1	-1	-1	-1	-1	-1	-1	
223		.	-1	-1	-1	-1	-1	-1	-1	-1	-1	-1	-1	-1	-1	-1	-1	-1	-1	-1	-1	-1	-1	-1	-1	-1	-1	-1	-1	-1	-1	-1	-1	-1	-1	-1	-1	-1	-1	-1	-1	-1	-1	-1	-1	-1	-1	-1	-1	-1	-1	
224		.	-1	-1	-1	-1	-1	-1	-1	-1	-1	-1	-1	-1	-1	-1	-1	-1	-1	-1	-1	-1	-1	-1	-1	-1	-1	-1	-1	-1	-1	-1	-1	-1	-1	-1	-1	-1	-1	-1	-1	-1	-1	-1	-1	-1	-1	-1	-1	-1	-1	
225		.	-1	-1	-1	-1	-1	-1	-1	-1	-1	-1	-1	-1	-1	-1	-1	-1	-1	-1	-1	-1	-1	-1	-1	-1	-1	-1	-1	-1	-1	-1	-1	-1	-1	-1	-1	-1	-1	-1	-1	-1	-1	-1	-1	-1	-1	-1	-1	-1	-1	
226		.	-1	-1	-1	-1	-1	-1	-1	-1	-1	-1	-1	-1	-1	-1	-1	-1	-1	-1	-1	-1	-1	-1	-1	-1	-1	-1	-1	-1	-1	-1	-1	-1	-1	-1	-1	-1	-1	-1	-1	-1	-1	-1	-1	-1	-1	-1	-1	-1	-1	
227		.	-1	-1	-1	-1	-1	-1	-1	-1	-1	-1	-1	-1	-1	-1	-1	-1	-1	-1	-1	-1	-1	-1	-1	-1	-1	-1	-1	-1	-1	-1	-1	-1	-1	-1	-1	-1	-1	-1	-1	-1	-1	-1	-1	-1	-1	-1	-1	-1	-1	
228		.	-1	-1	-1	-1	-1	-1	-1	-1	-1	-1	-1	-1	-1	-1	-1	-1	-1	-1	-1	-1	-1	-1	-1	-1	-1	-1	-1	-1	-1	-1	-1	-1	-1	-1	-1	-1	-1	-1	-1	-1	-1	-1	-1	-1	-1	-1	-1	-1	-1	
229		.	-1	-1	-1	-1	-1	-1	-1	-1	-1	-1	-1	-1	-1	-1	-1	-1	-1	-1	-1	-1	-1	-1	-1	-1	-1	-1	-1	-1	-1	-1	-1	-1	-1	-1	-1	-1	-1	-1	-1	-1	-1	-1	-1	-1	-1	-1	-1	-1	-1	
230		.	-1	-1	-1	-1	-1	-1	-1	-1	-1	-1	-1	-1	-1	-1	-1	-1	-1	-1	-1	-1	-1	-1	-1	-1	-1	-1	-1	-1	-1	-1	-1	-1	-1	-1	-1	-1	-1	-1	-1	-1	-1	-1	-1	-1	-1	-1	-1	-1	-1	
231		.	-1	-1	-1	-1	-1	-1	-1	-1	-1	-1	-1	-1	-1	-1	-1	-1	-1	-1	-1	-1	-1	-1	-1	-1	-1	-1	-1	-1	-1	-1	-1	-1	-1	-1	-1	-1	-1	-1	-1	-1	-1	-1	-1	-1	-1	-1	-1	-1	-1	
232		.	-1	-1	-1	-1	-1	-1	-1	-1	-1	-1	-1	-1	-1	-1	-1	-1	-1	-1	-1	-1	-1	-1	-1	-1	-1	-1	-1	-1	-1	-1	-1	-1	-1	-1	-1	-1	-1	-1	-1	-1	-1	-1	-1	-1	-1	-1	-1	-1	-1	
233		.	-1	-1	-1	-1	-1	-1	-1	-1	-1	-1	-1	-1	-1	-1	-1	-1	-1	-1	-1	-1	-1	-1	-1	-1	-1	-1	-1	-1	-1	-1	-1	-1	-1	-1	-1	-1	-1	-1	-1	-1	-1	-1	-1	-1	-1	-1	-1	-1	-1	
234		.	-1	-1	-1	-1	-1	-1	-1	-1	-1	-1	-1	-1	-1	-1	-1	-1	-1	-1	-1	-1	-1	-1	-1	-1	-1	-1	-1	-1	-1	-1	-1	-1	-1	-1	-1	-1	-1	-1	-1	-1	-1	-1	-1	-1	-1	-1	-1	-1	-1	
235		.	-1	-1	-1	-1	-1	-1	-1	-1	-1	-1	-1	-1	-1	-1	-1	-1	-1	-1	-1	-1	-1	-1	-1	-1	-1	-1	-1	-1	-1	-1	-1	-1	-1	-1	-1	-1	-1	-1	-1	-1	-1	-1	-1	-1	-1	-1	-1	-1	-1	
236		.	-1	-1	-1	-1	-1	-1	-1	-1	-1	-1	-1	-1	-1	-1	-1	-1	-1	-1	-1	-1	-1	-1	-1	-1	-1	-1	-1	-1	-1	-1	-1	-1	-1	-1	-1	-1	-1	-1	-1	-1	-1	-1	-1	-1	-1	-1	-1	-1	-1	
237		.	-1	-1	-1	-1	-1	-1	-1	-1	-1	-1	-1	-1	-1	-1	-1	-1	-1	-1	-1	-1	-1	-1	-1	-1	-1	-1	-1	-1	-1	-1	-1	-1	-1	-1	-1	-1	-1	-1	-1	-1	-1	-1	-1	-1	-1	-1	-1	-1	-1	
238		.	-1	-1	-1	-1	-1	-1	-1	-1	-1	-1	-1	-1	-1	-1	-1	-1	-1	-1	-1	-1	-1	-1	-1	-1	-1	-1	-1	-1	-1	-1	-1	-1	-1	-1	-1	-1	-1	-1	-1	-1	-1	-1	-1	-1	-1	-1	-1	-1	-1	
239		.	-1	-1	-1	-1	-1	-1	-1	-1	-1	-1	-1	-1	-1	-1	-1	-1	-1	-1	-1	-1	-1	-1	-1	-1	-1	-1	-1	-1	-1	-1	-1	-1	-1	-1	-1	-1	-1	-1	-1	-1	-1	-1	-1	-1	-1	-1	-1	-1	-1	
240		.	-1	-1	-1	-1	-1	-1	-1	-1	-1	-1	-1	-1	-1	-1	-1	-1	-1	-1	-1	-1	-1	-1	-1	-1	-1	-1	-1	-1	-1	-1	-1	-1	-1	-1	-1	-1	-1	-1	-1	-1	-1	-1	-1	-1	-1	-1	-1	-1	-1	
241		.	-1	-1	-1	-1	-1	-1	-1	-1	-1	-1	-1	-1	-1	-1	-1	-1	-1	-1	-1	-1	-1	-1	-1	-1	-1	-1	-1	-1	-1	-1	-1	-1	-1	-1	-1	-1	-1	-1	-1	-1	-1	-1	-1	-1	-1	-1	-1	-1	-1	
242		.	-1	-1	-1	-1	-1	-1	-1	-1	-1	-1	-1	-1	-1	-1	-1	-1	-1	-1	-1	-1	-1	-1	-1	-1	-1	-1	-1	-1	-1	-1	-1	-1	-1	-1	-1	-1	-1	-1	-1	-1	-1	-1	-1	-1	-1	-1	-1	-1	-1	
243		.	-1	-1	-1	-1	-1	-1	-1	-1	-1	-1	-1	-1	-1	-1	-1	-1	-1	-1	-1	-1	-1	-1	-1	-1	-1	-1	-1	-1	-1	-1	-1	-1	-1	-1	-1	-1	-1	-1	-1	-1	-1	-1	-1	-1	-1	-1	-1	-1	-1	
244		.	-1	-1	-1	-1	-1	-1	-1	-1	-1	-1	-1	-1	-1	-1	-1	-1	-1	-1	-1	-1	-1	-1	-1	-1	-1	-1	-1	-1	-1	-1	-1	-1	-1	-1	-1	-1	-1	-1	-1	-1	-1	-1	-1	-1	-1	-1	-1	-1	-1	
245		.	-1	-1	-1	-1	-1	-1	-1	-1	-1	-1	-1	-1	-1	-1	-1	-1	-1	-1	-1	-1	-1	-1	-1	-1	-1	-1	-1	-1	-1	-1	-1	-1	-1	-1	-1	-1	-1	-1	-1	-1	-1	-1	-1	-1	-1	-1	-1	-1	-1	
246		.	-1	-1	-1	-1	-1	-1	-1	-1	-1	-1	-1	-1	-1	-1	-1	-1	-1	-1	-1	-1	-1	-1	-1	-1	-1	-1	-1	-1	-1	-1	-1	-1	-1	-1	-1	-1	-1	-1	-1	-1	-1	-1	-1	-1	-1	-1	-1	-1	-1	
247		.	-1	-1	-1	-1	-1	-1	-1	-1	-1	-1	-1	-1	-1	-1	-1	-1	-1	-1	-1	-1	-1	-1	-1	-1	-1	-1	-1	-1	-1	-1	-1	-1	-1	-1	-1	-1	-1	-1	-1	-1	-1	-1	-1	-1	-1	-1	-1	-1	-1	
248		.	-1	-1	-1	-1	-1	-1	-1	-1	-1	-1	-1	-1	-1	-1	-1	-1	-1	-1	-1	-1	-1	-1	-1	-1	-1	-1	-1	-1	-1	-1	-1	-1	-1	-1	-1	-1	-1	-1	-1	-1	-1	-1	-1	-1	-1	-1	-1	-1	-1	
249		.	-1	-1	-1	-1	-1	-1	-1	-1	-1	-1	-1	-1	-1	-1	-1	-1	-1	-1	-1	-1	-1	-1	-1	-1	-1	-1	-1	-1	-1	-1	-1	-1	-1	-1	-1	-1	-1	-1	-1	-1	-1	-1	-1	-1	-1	-1	-1	-1	-1	
250		.	-1	-1	-1	-1	-1	-1	-1	-1	-1	-1	-1	-1	-1	-1	-1	-1	-1	-1	-1	-1	-1	-1	-1	-1	-1	-1	-1	-1	-1	-1	-1	-1	-1	-1	-1	-1	-1	-1	-1	-1	-1	-1	-1	-1	-1	-1	-1	-1	-1	
251		.	-1	-1	-1	-1	-1	-1	-1	-1	-1	-1	-1	-1	-1	-1	-1	-1	-1	-1	-1	-1	-1	-1	-1	-1	-1	-1	-1	-1	-1	-1	-1	-1	-1	-1	-1	-1	-1	-1	-1	-1	-1	-1	-1	-1	-1	-1	-1	-1	-1	
252		.	-1	-1	-1	-1	-1	-1	-1	-1	-1	-1	-1	-1	-1	-1	-1	-1	-1	-1	-1	-1	-1	-1	-1	-1	-1	-1	-1	-1	-1	-1	-1	-1	-1	-1	-1	-1	-1	-1	-1	-1	-1	-1	-1	-1	-1	-1	-1	-1	-1	
253		.	-1	-1	-1	-1	-1	-1	-1	-1	-1	-1	-1	-1	-1	-1	-1	-1	-1	-1	-1	-1	-1	-1	-1	-1	-1	-1	-1	-1	-1	-1	-1	-1	-1	-1	-1	-1	-1	-1	-1	-1	-1	-1	-1	-1	-1	-1	-1	-1	-1	
254		.	-1	-1	-1	-1	-1	-1	-1	-1	-1	-1	-1	-1	-1	-1	-1	-1	-1	-1	-1	-1	-1	-1	-1	-1	-1	-1	-1	-1	-1	-1	-1	-1	-1	-1	-1	-1	-1	-1	-1	-1	-1	-1	-1	-1	-1	-1	-1	-1	-1	
